0 645 35MUE250GC_SIR POLY_ID
1 16        0.217655828
1 17        0.148540579
1 14        0.260161746
1 6        0.333655382
2 23        0.341668736
2 641        0.246426407
2 636        0.346714584
2 632        0.248398696
2 367        0.286513299
2 639         0.32915947
3 635        0.253165486
3 634         0.26867121
3 644        0.342964465
3 8        0.302119588
3 23        0.344940467
3 10        0.242258097
3 21        0.284611299
3 26        0.166345682
3 12        0.289498815
3 11        0.160614203
3 18        0.227558743
3 17         0.34713327
3 14        0.330683553
3 640        0.183913671
3 638        0.248399816
3 397         0.31581096
4 645        0.327353782
4 642       0.0496904988
4 633        0.271102025
4 9         0.16680739
4 20        0.173234366
4 24        0.134779308
5 19        0.250083725
5 25        0.237734569
6 1        0.333655382
6 16        0.247201674
6 22        0.345987991
6 7        0.229171426
7 6        0.229171426
7 20        0.202055461
8 23        0.106417783
8 13        0.226517727
8 10        0.100223814
8 21        0.176951278
8 26        0.136459055
8 3        0.302119588
8 11        0.304995535
8 641        0.136641023
8 640        0.237134319
8 638        0.321168833
8 636        0.337018326
9 645        0.188792533
9 642        0.129509701
9 633        0.222474136
9 368        0.322498289
9 4         0.16680739
9 20        0.331755427
9 24        0.230573847
10 8        0.100223814
10 23        0.102691417
10 13        0.191011867
10 21       0.0918544986
10 26        0.089561429
10 3        0.242258097
10 12        0.255091104
10 11        0.209521936
10 641        0.233791947
10 640        0.245513843
10 638         0.33993563
11 8        0.304995535
11 23        0.294187739
11 13        0.316516607
11 10        0.209521936
11 21        0.193636938
11 26        0.192607796
11 3        0.160614203
11 12        0.129119479
11 18        0.314465744
11 17        0.299937407
11 14        0.342313521
11 640        0.308978599
12 23        0.302926498
12 13        0.273388173
12 10        0.255091104
12 21        0.189990036
12 26        0.280507209
12 3        0.289498815
12 11        0.129119479
12 17        0.330295592
13 8        0.226517727
13 23        0.120325639
13 10        0.191011867
13 21        0.129993109
13 26        0.279831057
13 12        0.273388173
13 11        0.316516607
13 641        0.292385805
14 634        0.264511293
14 1        0.260161746
14 630        0.345848093
14 3        0.330683553
14 11        0.342313521
14 18         0.16330323
14 17        0.122306007
14 15        0.277839144
14 22        0.185210115
15 634        0.340261165
15 643        0.299788104
15 630        0.283145674
15 18        0.325122954
15 14        0.277839144
15 631        0.108170734
15 22        0.123639114
15 633        0.319340989
15 24        0.250761006
16 1        0.217655828
16 6        0.247201674
17 1        0.148540579
17 3         0.34713327
17 12        0.330295592
17 11        0.299937407
17 18         0.25520987
17 14        0.122306007
17 22        0.270673986
18 635        0.225937536
18 634        0.112370735
18 644        0.216888461
18 643        0.318283718
18 630        0.240653229
18 3        0.227558743
18 11        0.314465744
18 17         0.25520987
18 14         0.16330323
18 15        0.325122954
18 22        0.289125391
19 5        0.250083725
20 642        0.222337888
20 9        0.331755427
20 4        0.173234366
20 24        0.247351202
20 7        0.202055461
21 8        0.176951278
21 23        0.113212577
21 13        0.129993109
21 10       0.0918544986
21 26         0.16703168
21 3        0.284611299
21 12        0.189990036
21 11        0.193636938
21 641         0.29448287
21 640        0.329709386
22 634        0.344529387
22 630        0.342614202
22 18        0.289125391
22 17        0.270673986
22 14        0.185210115
22 15        0.123639114
22 631        0.227826369
22 6        0.345987991
22 24        0.334607794
23 8        0.106417783
23 13        0.120325639
23 10        0.102691417
23 21        0.113212577
23 26        0.187724272
23 3        0.344940467
23 12        0.302926498
23 11        0.294187739
23 641        0.189572463
23 640        0.327821292
23 2        0.341668736
24 15        0.250761006
24 471        0.348073574
24 631        0.252147327
24 22        0.334607794
24 645        0.319293957
24 642         0.12135593
24 633        0.198040515
24 9        0.230573847
24 4        0.134779308
24 20        0.247351202
25 5        0.237734569
26 8        0.136459055
26 23        0.187724272
26 13        0.279831057
26 10        0.089561429
26 21         0.16703168
26 3        0.166345682
26 12        0.280507209
26 11        0.192607796
26 641        0.267948009
26 640        0.163007078
26 638        0.258331731
26 397        0.330183021
27 252         0.19034218
27 394        0.240438234
27 635        0.340022833
27 492        0.346443494
27 92        0.312973229
27 335        0.232858904
27 499        0.180863138
27 320       0.0937753109
27 495        0.298620282
27 457        0.261488489
27 638        0.304098635
27 397        0.232050743
27 199        0.119625986
28 456        0.337400924
28 260        0.256706648
28 605        0.117318222
28 341        0.125938901
28 374        0.264496704
28 302        0.235820257
28 496        0.161596456
28 80        0.268891309
28 494        0.198019154
28 462        0.320595305
28 212        0.301399436
28 73        0.340603832
29 629        0.209989556
29 617        0.236224473
29 538        0.248761608
29 190        0.285175503
29 511        0.286071352
29 145        0.253949275
29 283        0.323407407
29 157        0.334893423
29 353        0.182491575
29 312        0.321429887
30 617        0.214055966
30 556        0.171261943
30 538         0.12773127
30 529        0.216511629
30 190        0.296497742
30 283        0.283319715
30 175        0.252347092
31 431         0.30536624
31 416        0.341685494
31 46        0.297254162
31 358        0.238234122
31 190        0.340115821
31 564        0.141609059
31 271        0.173798712
31 315       0.0642275924
31 569        0.157716173
32 512        0.311735371
32 235        0.159011158
32 191        0.254057807
32 107        0.321931308
32 386        0.155063563
32 150         0.23301619
32 332        0.193786563
32 93        0.288377916
32 435        0.345329258
32 34        0.324027469
32 413        0.292970868
33 500         0.30838766
33 434        0.157520194
33 281        0.306937084
33 597        0.326923748
33 255        0.236971462
33 552       0.0632336589
33 518        0.280246917
33 153        0.146836197
34 235        0.247213294
34 191        0.338948511
34 107        0.159320461
34 313         0.30225384
34 32        0.324027469
34 413        0.196831377
34 90        0.318416289
34 440        0.168811919
34 117        0.276798283
35 590        0.186848716
35 268        0.271983434
35 152        0.334237094
35 463        0.300350344
35 559        0.142269112
35 101        0.325535806
35 140        0.160346368
35 254        0.280071656
35 55        0.217586777
35 502        0.306534007
35 428        0.338225312
36 218          0.1828937
36 241        0.189596468
36 387         0.21811117
36 215         0.23048404
36 388        0.171768236
36 256        0.330211089
36 379        0.244074713
37 526        0.204386229
37 112        0.243567824
37 89        0.241073405
37 563        0.301107627
37 562        0.339890795
37 510        0.262281882
37 128        0.268862461
37 146        0.344643146
37 411        0.328439997
38 95        0.341449307
38 160        0.261767483
38 422         0.22848216
38 211        0.272362808
38 61        0.284063735
38 210         0.23688172
38 465        0.195380558
38 531        0.329334192
38 462        0.333482098
38 110        0.158815609
38 154         0.27125748
38 323        0.169719241
38 73        0.288120198
39 625        0.133879062
39 570        0.178988295
39 240        0.277331302
39 427        0.298529455
39 330       0.0577052944
39 284        0.225901412
39 502        0.322456831
39 618        0.280662516
39 554        0.172439411
39 118        0.306780507
39 53        0.230980653
39 438        0.334271988
39 270        0.314103003
40 328        0.323937318
40 144        0.224035766
40 490        0.339620764
40 561        0.339632932
40 626         0.18180306
40 164        0.211208905
40 613        0.223815748
40 410        0.118500459
40 45         0.15223361
40 342        0.287704935
40 417        0.202952557
40 450        0.199221682
41 213        0.243541811
41 220        0.224106803
41 303        0.128153476
41 436        0.345346221
41 196        0.338688259
41 205        0.281317895
41 620        0.173977371
41 336        0.265296903
41 206        0.151171014
41 461        0.304323647
42 479        0.341177536
42 553        0.226806903
42 133        0.297392733
42 196        0.232929618
42 205        0.223869197
42 620        0.228731568
42 206        0.231976983
42 324       0.0637096999
42 385        0.179989977
42 607        0.130390375
42 321         0.20927159
43 488        0.334362124
43 572        0.121459825
43 232        0.175235855
43 130        0.293167669
43 506        0.159051064
43 412         0.14621995
43 382       0.0609964175
43 292        0.278100031
43 163         0.12524282
43 231        0.242599212
43 259        0.268441281
43 363        0.230672893
43 141        0.319347003
43 314        0.145337246
43 66        0.225603684
43 515        0.339862486
43 159         0.27413302
43 189        0.262368998
44 485        0.128459949
44 228        0.274097525
44 366         0.25007721
44 322        0.302472865
44 536         0.25669544
44 517       0.0573166229
44 59        0.164364049
44 236        0.228621694
45 144        0.285684754
45 490        0.272316752
45 398        0.272228286
45 626        0.277930367
45 582        0.270673438
45 164        0.153285176
45 410        0.269950467
45 40         0.15223361
45 417        0.348136947
45 450         0.11505074
46 601        0.171883552
46 130        0.306836327
46 365        0.195403787
46 431        0.238936266
46 419         0.10565096
46 292        0.214172276
46 358        0.131171542
46 231         0.27505458
46 614        0.330900625
46 279        0.307974404
46 564        0.156599949
46 527         0.17901108
46 271        0.268490409
46 354        0.312032748
46 315        0.234834885
46 31        0.297254162
46 569        0.288086613
46 109        0.340838985
47 536        0.276927881
47 172        0.241004923
47 162        0.133310208
47 281        0.233407165
47 439        0.314093118
47 487        0.271183445
47 312         0.34415063
47 509        0.192363592
47 255         0.30520659
48 280         0.33031812
48 408        0.339543871
48 596        0.309378198
48 224        0.249211728
48 405        0.335879028
48 129        0.171013346
48 114        0.335907537
49 108        0.300353014
49 158        0.209047118
49 100        0.347172712
49 552        0.347895917
49 518        0.236387291
50 548        0.326412689
50 591        0.316583821
50 429        0.224684928
50 308        0.174370776
50 491       0.0680456463
50 171        0.326114807
50 455         0.11072535
50 432        0.329980054
50 317        0.214148082
50 223        0.120692307
50 135        0.268794353
50 120        0.324264465
51 571        0.189954925
51 423        0.271325248
51 229        0.256537723
51 637        0.340315012
51 337       0.0896646906
51 574        0.153756635
51 174        0.295415027
51 400        0.177748258
51 600        0.211645712
51 537        0.270815265
51 524        0.298639428
51 519        0.251301282
51 514        0.238611545
51 493        0.248509341
51 376        0.107361325
52 216        0.334724511
52 477         0.16988924
52 475        0.287385736
52 375        0.278367701
52 266        0.197599992
52 83        0.268849434
52 257        0.285953026
53 619        0.327923907
53 577        0.341221062
53 392        0.298404637
53 187        0.309557321
53 143        0.257818781
53 87        0.207588436
53 295        0.204576004
53 125        0.216853602
53 520        0.156283375
53 305        0.287950769
53 330        0.173277983
53 39        0.230980653
53 284          0.2474873
53 501        0.342780937
53 124         0.33233814
53 618        0.195168183
53 554         0.12042525
53 285        0.287947141
53 118        0.133357765
53 438        0.103887495
53 270        0.156650147
53 165        0.265442332
54 528        0.241684753
54 492        0.325049595
54 95        0.328058322
54 221        0.209569322
54 96        0.267942625
55 590        0.283838661
55 35        0.217586777
55 625        0.247570071
55 570        0.219655603
55 427        0.323495906
55 559        0.180362976
55 101        0.257348644
55 453        0.341209505
55 140         0.11028553
55 254        0.141175438
55 502        0.129948671
55 428         0.32179149
56 217        0.340575837
56 344        0.287589074
56 244        0.160368323
56 116        0.142970603
56 286        0.184812884
56 299        0.314322458
57 150        0.142736673
57 332        0.272938631
57 435         0.30218549
57 74        0.198529195
57 592        0.293231787
57 262        0.291808566
58 543        0.166955325
58 78        0.120590563
58 63        0.273764048
59 485        0.247793145
59 366        0.278060732
59 536        0.338933985
59 517        0.173079084
59 44        0.164364049
59 236        0.221562261
59 339        0.307982471
59 176        0.326942487
59 598        0.291115576
59 98        0.316589163
59 208        0.266607908
59 476        0.268495836
60 163        0.334995883
60 259        0.318467518
60 162        0.307475889
60 314        0.255478322
60 487        0.257538731
60 157        0.184183005
60 353        0.316181179
60 312        0.174546505
60 509        0.276952136
60 66        0.288082968
60 515        0.235845118
60 159        0.161374437
60 189         0.20513964
61 230        0.204332133
61 95         0.34198116
61 465        0.188809278
61 234        0.191474155
61 531        0.137269351
61 486        0.298870754
61 204        0.298427132
61 110        0.232054987
61 154        0.198162632
61 323        0.123287842
61 426        0.288527412
61 602        0.208544841
61 38        0.284063735
61 467        0.339503157
62 472        0.276774888
62 233        0.194013491
62 264        0.225669098
62 239        0.313481654
62 415        0.255398774
62 105        0.215358579
62 90        0.228802069
62 275        0.330557665
62 81        0.263448071
63 568        0.142525939
63 543        0.146253589
63 466        0.183927297
63 311        0.233444807
63 135        0.333893504
63 120        0.280843164
63 58        0.273764048
63 169        0.318144838
64 549        0.123215791
64 107        0.342970753
64 313        0.177793772
64 460        0.191838316
64 108        0.296137868
64 243        0.119351498
64 326        0.159259069
64 82        0.188549209
64 345        0.276849757
65 359        0.256983172
65 579        0.254595767
65 623        0.130100843
65 361        0.293581248
65 127        0.317622184
65 186        0.242598102
65 404        0.166656925
65 437        0.143121876
65 399       0.0938345528
65 137        0.217666066
65 195        0.150024415
65 504        0.137991385
65 586        0.340283304
65 263        0.322814149
65 380        0.241055895
65 148        0.299893126
65 185        0.313816648
65 147        0.191637768
65 430        0.134601554
66 572        0.309666274
66 232        0.326105475
66 130        0.334443998
66 419        0.311129213
66 412        0.187615634
66 382        0.270371308
66 43        0.225603684
66 292        0.177069934
66 163        0.105444063
66 231       0.0963322805
66 527        0.187032499
66 314        0.234547412
66 157        0.192092693
66 60        0.288082968
66 353        0.344900553
66 354        0.180932807
66 159        0.294081388
66 189       0.0854967414
67 102        0.266755493
67 227        0.136844806
67 481        0.325959624
67 340        0.307728585
67 535        0.344490024
67 331        0.251791123
67 197        0.183450607
67 573        0.222535965
67 444        0.147096315
67 276       0.0768887857
67 370         0.20029166
67 433        0.339562093
67 516        0.123712901
67 352        0.226666352
67 245        0.302575219
67 289        0.339905036
67 222        0.263782361
68 604        0.289116525
68 521        0.120976178
68 406        0.179725682
68 508        0.214839978
68 505        0.169400692
68 343         0.25257815
68 451        0.347475769
68 337        0.314135396
68 449        0.335439845
68 174        0.283106789
68 400         0.25623693
68 600        0.167845852
68 537        0.189559361
68 524       0.0755402263
68 519        0.103562738
68 514        0.229675314
68 493        0.297731985
68 192        0.327056501
68 293        0.201765655
68 376        0.262385026
68 624        0.242997101
68 610       0.0796493577
68 178        0.210466919
69 589        0.242472676
69 136         0.20694543
69 401         0.30247202
69 333        0.328577308
69 443        0.209349099
69 325        0.278701408
69 393        0.347235499
69 182         0.26837929
69 402        0.250418403
70 601        0.309852579
70 365         0.30157177
70 431        0.344833037
70 279        0.255637223
70 619        0.256748301
70 203         0.24214894
70 202        0.203289508
70 297         0.13499128
70 131        0.197438408
70 305        0.333935151
70 124        0.298236452
70 616        0.289851364
70 102        0.118528617
70 227        0.309002977
70 109        0.187462368
70 331        0.195677619
70 370        0.230599125
70 433        0.294606395
71 377        0.269670855
71 528        0.230305959
71 571        0.321829655
71 209        0.164292964
71 229        0.134593191
71 540        0.255431196
71 337        0.301111029
71 449        0.201109995
71 174        0.201530299
71 400        0.265691944
71 539        0.306894684
71 537        0.294402083
72 472        0.332956332
72 76        0.295256227
72 436        0.249398874
72 180        0.227855551
72 196        0.288172903
72 205        0.293564506
72 90        0.201475387
72 461        0.132584161
72 440        0.268350614
72 117        0.307551887
73 605        0.312477274
73 422         0.15825668
73 211        0.278808321
73 80        0.171739161
73 28        0.340603832
73 210        0.332638539
73 462        0.100021961
73 212        0.214360207
73 316        0.325192122
73 38        0.288120198
74 235        0.332948163
74 150        0.250307588
74 57        0.198529195
74 280        0.276026957
74 460        0.323617087
75 612        0.323469021
75 608        0.279965756
75 456        0.151142757
75 149        0.174608371
75 260        0.338556806
75 237        0.260213449
75 545        0.156074574
75 341        0.294069994
75 374        0.152718893
75 290        0.144176556
75 349        0.123396957
75 371        0.217632851
75 373        0.342956276
75 77        0.249616289
75 215        0.311383013
75 256        0.285590108
75 350        0.340134897
76 122        0.269241623
76 447        0.164266644
76 472        0.152902014
76 233        0.293455116
76 220        0.256432237
76 436        0.103604157
76 611        0.131682235
76 72        0.295256227
76 461        0.250052532
77 545        0.212611676
77 75        0.249616289
77 290        0.237300234
77 349         0.12732337
77 371        0.186706056
77 373        0.290542316
77 445        0.271575479
77 360        0.215850873
77 388        0.321643783
77 256        0.160550417
77 350        0.131615491
77 582        0.201901309
77 379        0.321338957
77 164        0.347788586
78 543        0.253181564
78 58        0.120590563
79 560        0.337678273
79 587        0.341481888
79 578        0.205519077
79 483        0.291695431
79 193         0.19970213
79 161        0.269265849
79 274        0.144848144
80 627        0.208518019
80 111        0.309420802
80 442        0.289785953
80 605        0.187858879
80 302        0.246828205
80 422        0.208030407
80 211        0.281124082
80 28        0.268891309
80 462        0.239501783
80 212        0.321197247
80 73        0.171739161
81 98        0.287263447
81 264        0.137515457
81 378         0.33787056
81 239        0.302720858
81 415        0.274116535
81 298        0.281187581
81 105        0.124533712
81 275        0.184838088
81 99        0.193677034
81 62        0.263448071
82 549        0.202785868
82 313         0.34484156
82 64        0.188549209
82 177         0.21790837
82 298        0.183964101
82 275         0.27890359
82 243        0.070373015
82 326        0.177804505
82 345        0.109728833
83 475        0.170641639
83 375        0.276971855
83 52        0.268849434
83 266        0.301601923
83 272        0.186092595
83 103        0.150438166
84 126         0.25964573
85 567        0.312950579
85 156        0.256951812
85 287        0.272287953
85 155        0.240427486
86 565        0.139433475
86 441          0.2739223
86 448        0.249854694
86 482        0.274611469
86 181        0.116159937
86 288        0.193403901
86 458        0.112253654
86 225        0.209740498
86 228        0.248971065
86 366         0.29115478
86 580        0.347835819
86 585        0.345404559
87 619        0.290756662
87 577        0.146774441
87 203        0.237790833
87 202        0.277959684
87 131        0.310339639
87 392       0.0910589253
87 267         0.23265509
87 187        0.148304441
87 143       0.0570190754
87 295       0.0448844772
87 125        0.153935797
87 520       0.0684338774
87 305        0.312729192
87 551        0.271057626
87 124        0.184826542
87 618        0.179608582
87 554        0.236383343
87 118        0.287743224
87 53        0.207588436
87 438        0.166422193
87 270         0.10129784
87 165        0.189183165
87 535        0.333833571
87 173        0.327871947
88 252        0.300256064
88 394        0.253318509
88 234        0.195231229
88 486        0.270365311
88 602         0.20940354
88 495        0.259711512
88 407        0.124529329
88 464        0.274108453
88 301        0.332308735
89 296        0.280302418
89 497        0.282171756
89 112        0.189306269
89 37        0.241073405
89 542        0.285125156
89 474        0.230105508
89 411        0.328925523
89 384        0.224403977
90 34        0.318416289
90 415        0.269183041
90 180        0.319232302
90 72        0.201475387
90 105        0.348053311
90 461        0.332842487
90 62        0.228802069
90 440         0.18313698
90 117        0.341143635
91 622        0.208563098
91 441         0.26953699
91 359        0.319639795
91 579        0.192726003
91 580        0.209195322
91 585         0.17025198
91 593        0.230993045
91 623         0.27393908
91 361        0.173463501
91 567        0.319057899
91 127        0.334744043
91 186         0.33702153
91 404        0.265976788
91 437        0.220700551
91 287        0.305533727
91 155        0.209398651
92 492       0.0815353766
92 499         0.25668429
92 204        0.341328066
92 426        0.324164203
92 27        0.312973229
92 320        0.338240546
92 221        0.173189683
92 615        0.142771303
92 310         0.24874349
93 512        0.234479441
93 628        0.235156495
93 32        0.288377916
93 386        0.133399954
93 332        0.188951608
93 138        0.300217858
93 253        0.121198491
93 435        0.200534262
93 595         0.20315463
93 560        0.226966715
94 498        0.259556629
94 532        0.283269824
94 573        0.318550744
94 352        0.245877492
94 222        0.333304757
94 226        0.279937427
94 97        0.135776923
95 54        0.328058322
95 492         0.31375276
95 160         0.18344209
95 211        0.293730135
95 61         0.34198116
95 531        0.235608737
95 486        0.347727086
95 204        0.111634666
95 110         0.18780095
95 154        0.143826291
95 323        0.276457507
95 426        0.218202038
95 221        0.258704964
95 96        0.209943609
95 38        0.341449307
96 627        0.330865084
96 111        0.164830542
96 115        0.260536412
96 318        0.333622779
96 54        0.267942625
96 95        0.209943609
96 160        0.123526596
96 422        0.292993258
96 211        0.171226185
96 204        0.319900203
96 110        0.291730695
96 154        0.327432524
96 221        0.344977566
97 507        0.253149801
97 498        0.184064302
97 573        0.289555767
97 444        0.338676928
97 352        0.173556986
97 289        0.326744378
97 222        0.200091082
97 94        0.135776923
98 59        0.316589163
98 576        0.277274432
98 339        0.326613404
98 598        0.153270003
98 264        0.330778592
98 378        0.182280976
98 208        0.144260558
98 476        0.305091994
98 179         0.22392869
98 99        0.182557973
98 81        0.287263447
99 598        0.197910252
99 98        0.182557973
99 264        0.306318712
99 378        0.331736047
99 208        0.324141463
99 177        0.346306507
99 298        0.192539887
99 105        0.267235048
99 275         0.22552386
99 476        0.346695701
99 179        0.195884951
99 81        0.193677034
100 49        0.347172712
100 280        0.344388663
100 408        0.118967712
100 108        0.322169203
100 158        0.289290145
100 596        0.141513431
100 463        0.301223017
100 224        0.250572286
100 424        0.307162516
100 452        0.174393076
101 594        0.240382911
101 468        0.259002494
101 309         0.33498441
101 304        0.219402367
101 590        0.208330533
101 35        0.325535806
101 152        0.239719445
101 424        0.346786431
101 570        0.288895159
101 151        0.129790235
101 453        0.168093839
101 140        0.188330902
101 254        0.125566983
101 55        0.257348644
102 619        0.349074708
102 203        0.293251672
102 202        0.264638822
102 297        0.249775022
102 131         0.28472022
102 124        0.335058464
102 616        0.289606652
102 227          0.2314325
102 109         0.24649136
102 70        0.118528617
102 331        0.166508175
102 276          0.3233298
102 370        0.114063524
102 67        0.266755493
102 433        0.216836388
102 516        0.263707542
102 245        0.330776186
103 475        0.318261784
103 375        0.228996779
103 272        0.259707785
103 83        0.150438166
103 277        0.273378145
104 230        0.310010029
104 602         0.29869871
104 325        0.142053782
104 393        0.250046836
104 464        0.148188172
104 301         0.29891542
104 467        0.195938523
104 402        0.248322267
105 264        0.218600299
105 415        0.149827328
105 298        0.264231296
105 90        0.348053311
105 275        0.118563442
105 99        0.267235048
105 62        0.215358579
105 81        0.124533712
105 326         0.32439242
106 447        0.310772809
106 383        0.254783181
106 263        0.255888262
106 273        0.264062347
106 472        0.293186537
106 233        0.281993847
106 611        0.272755395
106 239        0.288850188
107 235        0.179690268
107 313        0.167347684
107 64        0.342970753
107 32        0.321931308
107 460        0.326005631
107 34        0.159320461
107 413        0.332761943
107 440        0.324316578
107 326        0.334588569
108 49        0.300353014
108 549        0.195002777
108 64        0.296137868
108 280        0.331903327
108 408        0.247863478
108 460        0.232947773
108 100        0.322169203
108 243        0.338789135
109 601        0.170350647
109 365        0.230923631
109 431        0.160619815
109 416        0.198635459
109 46        0.340838985
109 358        0.259343549
109 279        0.267250227
109 297        0.239771562
109 131        0.346145316
109 616        0.149442754
109 102         0.24649136
109 569        0.328702616
109 70        0.187462368
109 370        0.316130974
109 433         0.27592573
109 300        0.346766898
110 95         0.18780095
110 160        0.181112536
110 422        0.284968196
110 211        0.255042999
110 61        0.232054987
110 465        0.264747285
110 531        0.208238097
110 204        0.231622251
110 154        0.121900095
110 323         0.12005244
110 426        0.304753589
110 96        0.291730695
110 38        0.158815609
111 627        0.168307553
111 115        0.127798242
111 442        0.325127746
111 603        0.255798644
111 356        0.339432846
111 318        0.228695099
111 381        0.310430176
111 160        0.219970744
111 422         0.25570943
111 211         0.16406968
111 80        0.309420802
111 96        0.164830542
112 296        0.206422864
112 497        0.314612859
112 37        0.243567824
112 89        0.189306269
112 563        0.168093863
112 562        0.277725316
112 482         0.25194105
112 510        0.293549195
112 166            0.31275
113 236        0.326866903
113 281        0.248077565
113 177        0.286808049
113 476        0.237236673
113 179        0.296631768
113 597        0.190439111
113 552        0.325071026
113 518        0.300293631
114 48        0.335907537
114 588        0.221902088
114 129        0.197024037
114 269        0.337737398
115 627        0.169034785
115 111        0.127798242
115 442        0.268537223
115 327        0.308743358
115 603        0.140402414
115 356        0.221746085
115 318        0.105529318
115 207        0.244840387
115 381        0.187027414
115 377        0.307863676
115 160        0.342409268
115 211        0.291150513
115 96        0.260536412
116 478         0.26780511
116 217        0.285392999
116 56        0.142970603
116 244        0.146007238
116 484        0.292546665
116 418        0.253899156
116 286        0.167514394
116 299         0.17667258
116 167        0.333952373
117 191        0.191092245
117 34        0.276798283
117 413        0.103812081
117 180        0.104298915
117 196        0.209712316
117 205        0.265491898
117 72        0.307551887
117 90        0.341143635
117 440        0.192330888
117 607        0.297998508
117 321        0.178034023
118 621        0.273908511
118 614        0.340860574
118 319        0.259998432
118 249         0.23037623
118 619        0.268153372
118 203        0.344695584
118 131        0.330831078
118 143        0.344448684
118 87        0.287743224
118 295        0.302573326
118 125        0.214120667
118 520        0.220546878
118 305        0.198341121
118 330        0.254812107
118 39        0.306780507
118 284        0.204496373
118 501        0.253099763
118 124        0.343191085
118 618        0.326224286
118 554        0.249401742
118 285        0.155241413
118 53        0.133357765
118 438        0.122556957
118 270        0.273836075
119 470        0.239809796
119 294        0.175581282
119 546        0.215630421
119 289        0.339002228
119 599        0.196034001
119 591        0.211565421
119 362        0.190316721
119 530          0.2723826
119 429        0.338423124
120 50        0.324264465
120 568        0.154169257
120 466        0.286078018
120 455         0.33511068
120 432        0.213829148
120 317        0.114268392
120 311        0.209058711
120 223        0.257818836
120 135       0.0568832271
120 63        0.280843164
120 169        0.151653033
121 584        0.153149975
121 544        0.270204773
121 556        0.253978791
121 175        0.146231025
122 447        0.189779839
122 213        0.345009753
122 76        0.269241623
122 220        0.189209193
122 303        0.343994352
122 436        0.263671603
122 611        0.254788035
122 494        0.261697532
122 212        0.268240355
122 316        0.156945713
123 252        0.339737148
123 635        0.292878461
123 335        0.178375155
123 634        0.289439039
123 644        0.192392041
123 643        0.126884829
123 630        0.172401933
123 495        0.247566515
123 457        0.186298935
123 471        0.310794327
123 338        0.244195532
123 631         0.34311658
123 250        0.187509041
124 619        0.175759466
124 577        0.248038871
124 203       0.0624838267
124 202        0.104505442
124 297        0.265031319
124 131         0.15870822
124 392        0.159037016
124 187        0.295199204
124 143        0.199161139
124 87        0.184826542
124 295        0.228382165
124 125        0.129153577
124 520         0.18667047
124 305        0.247048647
124 551        0.290842397
124 118        0.343191085
124 53         0.33233814
124 438        0.239697875
124 270        0.283039455
124 102        0.335058464
124 227        0.291581251
124 535        0.307740344
124 70        0.298236452
124 331        0.193079114
124 173        0.348029236
125 621        0.323037561
125 319        0.275087549
125 619        0.140310279
125 577        0.282408584
125 203        0.141286503
125 202        0.167633903
125 297        0.282940203
125 131        0.174255861
125 392        0.195683394
125 187        0.300602892
125 143         0.20087784
125 87        0.153935797
125 295        0.194687662
125 520        0.107754453
125 305        0.162095306
125 124        0.129153577
125 618        0.304895107
125 554        0.308935266
125 285        0.283816218
125 118        0.214120667
125 53        0.216853602
125 438        0.116047576
125 270         0.22125291
125 165        0.335595916
125 331        0.312632385
126 183        0.279704246
126 291         0.14125368
126 134        0.309243896
126 84         0.25964573
127 91        0.334744043
127 361        0.161337854
127 567       0.0922564842
127 186       0.0796970518
127 404        0.163701362
127 437        0.277767494
127 399        0.231354354
127 65        0.317622184
127 608        0.325155478
127 575        0.198846374
127 380        0.139551549
127 148        0.285649793
127 147        0.288533711
127 430        0.343949402
127 387        0.207304781
127 155        0.280550009
128 526        0.216385933
128 37        0.268862461
128 563         0.30775878
128 562        0.242735721
128 510        0.129316194
128 146        0.166686019
128 581         0.33352822
128 557        0.317784681
128 523        0.234581902
128 351        0.327137634
129 268        0.321064095
129 48        0.171013346
129 224        0.325020979
129 114        0.197024037
130 572        0.223169262
130 232         0.16400808
130 365        0.261450383
130 419         0.20185476
130 412        0.169078361
130 382        0.261120063
130 43        0.293167669
130 292        0.194271334
130 46        0.306836327
130 163        0.272405373
130 231        0.254351589
130 621        0.175266218
130 614        0.110697499
130 363        0.272523595
130 279        0.260351032
130 319        0.227001857
130 249        0.273143973
130 305        0.337235145
130 285        0.263903437
130 527        0.295778369
130 66        0.334443998
131 365        0.324836117
131 621        0.278117707
131 614        0.328473604
131 279        0.218065473
131 319        0.221958808
131 619        0.064866231
131 203       0.0992742532
131 202       0.0666954699
131 297         0.11280053
131 392         0.31220084
131 143        0.342065037
131 87        0.310339639
131 125        0.174255861
131 520        0.279599566
131 305        0.154723763
131 124         0.15870822
131 285        0.316506147
131 118        0.330831078
131 438         0.27623503
131 102         0.28472022
131 109        0.346145316
131 70        0.197438408
131 331        0.222227063
132 599        0.249467595
132 530        0.210065306
132 429        0.192951938
132 491        0.326507456
132 533        0.155072219
132 455        0.260803743
132 223        0.313938555
133 503        0.264681869
133 479        0.165838702
133 238        0.213153145
133 401        0.303102636
133 553        0.247513248
133 443        0.202961254
133 324        0.266621727
133 385        0.187313085
133 182        0.250357839
133 42        0.297392733
134 248        0.328715529
134 291        0.245643451
134 126        0.309243896
135 491        0.330838238
135 50        0.268794353
135 171         0.33770716
135 568        0.200491381
135 466        0.341406509
135 455        0.278830343
135 432        0.192536234
135 317       0.0665633341
135 311        0.259307574
135 223        0.201723687
135 120       0.0568832271
135 63        0.333893504
135 169        0.182046687
136 589        0.185329575
136 238        0.344781331
136 401        0.201746157
136 200        0.283085099
136 69         0.20694543
136 443        0.278053596
137 359        0.126954468
137 579        0.232467978
137 580        0.290360154
137 623        0.167431449
137 437         0.25230115
137 399        0.309711187
137 65        0.217666066
137 195        0.074531074
137 504        0.192035623
137 586        0.122794917
137 513        0.283864647
137 339        0.332935161
137 273        0.277577445
137 176        0.321921335
137 430        0.312705489
138 512        0.305855768
138 503        0.224457086
138 479        0.297364898
138 553        0.340349658
138 628       0.0709284544
138 395       0.0896010715
138 93        0.300217858
138 253        0.189521031
138 595        0.253552278
139 550        0.321863832
139 480        0.164600839
139 216        0.317496962
140 590        0.174009145
140 35        0.160346368
140 152        0.304691273
140 625        0.343377639
140 570        0.284338942
140 559        0.204388391
140 151        0.281481275
140 101        0.188330902
140 453        0.319411308
140 254        0.119738562
140 55         0.11028553
140 502         0.23869012
141 500        0.276426659
141 488        0.177471888
141 572        0.255963384
141 232        0.289010031
141 506         0.18689723
141 382        0.275416845
141 43        0.319347003
141 594        0.239692238
141 355        0.129682301
141 363        0.172896164
141 249        0.302688873
141 184        0.140038617
141 468        0.123839842
141 304        0.332121866
141 501        0.265838176
141 151        0.347135923
141 453        0.252614406
142 555        0.163528513
142 369        0.248575226
142 247        0.265936859
142 403        0.222843397
143 619        0.331205801
143 577       0.0897553718
143 203        0.258666598
143 202        0.300637751
143 131        0.342065037
143 392       0.0568024284
143 267        0.187925439
143 187        0.101744937
143 87       0.0570190754
143 295       0.0580759103
143 125         0.20087784
143 520        0.125411527
143 551        0.218113288
143 188        0.304469406
143 124        0.199161139
143 618        0.186737873
143 554        0.267632994
143 118        0.344448684
143 53        0.257818781
143 438        0.223414532
143 270        0.125743044
143 165        0.172382076
143 547        0.316776246
143 535        0.286169841
143 173        0.273478256
144 328        0.235988909
144 490        0.242401781
144 347        0.211072009
144 251        0.337833155
144 410         0.22323806
144 40        0.224035766
144 45        0.285684754
144 417         0.21410083
144 450        0.218552317
145 581         0.24955575
145 544        0.286831419
145 617        0.198471639
145 556        0.338359187
145 538        0.336497135
145 29        0.253949275
145 511        0.171072213
145 283        0.173958227
146 526        0.178616453
146 37        0.344643146
146 510        0.295740738
146 128        0.166686019
146 523        0.327382418
146 351        0.216837418
147 623        0.317186335
147 127        0.288533711
147 186        0.214956537
147 404        0.229422436
147 437        0.296961572
147 399        0.140068733
147 65        0.191637768
147 195        0.320922246
147 504         0.23408249
147 263        0.239353414
147 612        0.309833296
147 608        0.276373489
147 575        0.212128939
147 380        0.152225236
147 237        0.263358938
147 148        0.113889544
147 185        0.131311671
147 334        0.212422171
147 430       0.0921653234
148 127        0.285649793
